16 11
0 28 15 3 6 10 36 19 16 5 36 8 15 7 15 31 
28 0 42 10 14 40 13 10 33 32 41 29 22 4 30 40 
15 42 0 6 9 15 29 24 34 42 2 23 21 2 19 40 
3 10 6 0 20 26 21 25 3 32 17 19 38 18 8 19 
6 14 9 20 0 19 16 38 20 26 16 3 13 23 12 22 
10 40 15 26 19 0 10 34 28 2 7 28 21 21 23 22 
36 13 29 21 16 10 0 39 3 37 28 10 17 13 2 2 
19 10 24 25 38 34 39 0 38 24 41 36 27 7 20 31 
16 33 34 3 20 28 3 38 0 10 24 15 30 33 7 6 
5 32 42 32 26 2 37 24 10 0 41 38 6 12 36 17 
36 41 2 17 16 7 28 41 24 41 0 33 16 27 20 14 
8 29 23 19 3 28 10 36 15 38 33 0 37 13 9 36 
15 22 21 38 13 21 17 27 30 6 16 37 0 41 2 20 
7 4 2 18 23 21 13 7 33 12 27 13 41 0 40 24 
15 30 19 8 12 23 2 20 7 36 20 9 2 40 0 31 
31 40 40 19 22 22 2 31 6 17 14 36 20 24 31 0 
