8 6
0 17 17 3 22 12 36 28 
17 0 21 19 14 1 23 40 
17 21 0 21 27 34 24 9 
3 19 21 0 1 7 31 20 
22 14 27 1 0 6 17 30 
12 1 34 7 6 0 32 36 
36 23 24 31 17 32 0 1 
28 40 9 20 30 36 1 0 
