 20 0
  0  39  22  59  54  33  57  32  89  73  29  46  16  83 120  45  24  32  36  25
 39   0  20  20  81   8  49  64  63  84  10  61  25  49  81  81  58  16  72  60
 22  20   0  39  74  18  60  44  71  73  11  46   6  61  99  61  37  10  51  40
 59  20  39   0  93  27  51  81  48  80  30  69  45  32  61  97  75  31  89  78
 54  81  74  93   0  73  43  56 104  76  76  77  69 111  72  46  56  84  49  53
 33   8  18  27  73   0  45  61  71  88   8  63  22  57  87  77  54  18  68  56
 57  49  60  51  43  45   0  85  88 115  52 103  60  75  64  85  79  63  83  78
 32  64  44  81  56  61  85   0  74  43  55  23  40  81  97  17   8  50   8   7
 89  63  71  48 104  71  88  74   0  38  69  51  75  16  35  75  77  61  77  80
 73  84  73  80  76  88 115  43  38   0  81  28  72  53  55  38  49  70  42  50
 29  10  11  30  76   8  52  55  69  81   0  55  16  57  91  71  48  11  62  50
 46  61  46  69  77  63 103  23  51  28  55   0  44  59  81  32  26  46  29  29
 16  25   6  45  69  22  60  40  75  72  16  44   0  67 105  56  33  16  46  35
 83  49  61  32 111  57  75  81  16  53  57  59  67   0  39  88  82  51  87  85
120  81  99  61  72  87  64  97  35  55  91  81 105  39   0  84 104  90  93 104
 45  81  61  97  46  77  85  17  75  38  71  32  56  88  84   0  23  67   9  21
 24  58  37  75  56  54  79   8  77  49  48  26  33  82 104  23   0  44  14   3
 32  16  10  32  84  18  63  50  61  70  11  46  16  51  90  67  44   0  58  47
 36  72  51  89  49  68  83   8  77  42  62  29  46  87  93   9  14  58   0  12
 25  60  40  78  53  56  78   7  80  50  50  29  35  85 104  21   3  47  12   0
 