10 2
0 38 7 39 28 31 31 30 19 20 
38 0 18 27 20 23 17 18 27 24 
7 18 0 25 31 7 30 17 21 38 
39 27 25 0 39 36 24 7 32 27 
28 20 31 39 0 35 41 33 37 27 
31 23 7 36 35 0 8 35 17 4 
31 17 30 24 41 8 0 27 23 22 
30 18 17 7 33 35 27 0 36 2 
19 27 21 32 37 17 23 36 0 40 
20 24 38 27 27 4 22 2 40 0 
