7 3
   0  270  121  177  110  292  224
  270   0  168  112  292  110  318
  121  168   0   60  125  171  279
  177  112   60   0  180  117  300
  110  292  125  180   0  270  332
  292  110  171  117  270   0  402
  224  318  279  300  332  402   0